Call: survfit(formula = Surv(survtime, status) ~ 1, data = data)

 time n.risk n.event survival std.err lower 95% CI upper 95% CI
    0  24385    2667    0.891 0.00200        0.887        0.895
    1  21320    1395    0.832 0.00240        0.828        0.837
    2  19924    1135    0.785 0.00264        0.780        0.790
    3  18630     952    0.745 0.00281        0.739        0.750
    4  17550     675    0.716 0.00291        0.710        0.722
    5  16292     560    0.692 0.00299        0.686        0.697
    6  15419     574    0.666 0.00307        0.660        0.672
    7  14844     374    0.649 0.00311        0.643        0.655
    8  14470     482    0.627 0.00316        0.621        0.634
    9  13988     371    0.611 0.00319        0.605        0.617
   10  13617     323    0.596 0.00321        0.590        0.603
   11  13294     381    0.579 0.00324        0.573        0.586
   12  12913     341    0.564 0.00326        0.558        0.570
   13  12572     303    0.550 0.00327        0.544        0.557
   14  12170     294    0.537 0.00328        0.531        0.543
   15  11782     215    0.527 0.00329        0.521        0.534
   16  11510     226    0.517 0.00330        0.510        0.523
   17  11205     243    0.506 0.00330        0.499        0.512
   18  10898     211    0.496 0.00331        0.489        0.502
   19  10632     180    0.487 0.00331        0.481        0.494
   20  10406     147    0.481 0.00331        0.474        0.487
   21  10211     167    0.473 0.00331        0.466        0.479
   22   9998     144    0.466 0.00331        0.459        0.472
   23   9810     122    0.460 0.00331        0.454        0.467
   24   9652     144    0.453 0.00331        0.447        0.460
   25   9473     156    0.446 0.00331        0.439        0.452
   26   9256     134    0.439 0.00331        0.433        0.446
   27   8977     137    0.433 0.00331        0.426        0.439
   28   8840     127    0.426 0.00331        0.420        0.433
   29   8668     116    0.421 0.00331        0.414        0.427
   30   8492     115    0.415 0.00330        0.409        0.422
   31   8333     148    0.408 0.00330        0.401        0.414
   32   8143     180    0.399 0.00329        0.392        0.405
   33   7898     124    0.392 0.00329        0.386        0.399
   34   7719     103    0.387 0.00329        0.381        0.394
   35   7548      74    0.383 0.00328        0.377        0.390
   36   7440     102    0.378 0.00328        0.372        0.385
   37   7324      64    0.375 0.00328        0.368        0.381
   38   7227      62    0.372 0.00327        0.365        0.378
   39   7124      74    0.368 0.00327        0.361        0.374
   40   6985      69    0.364 0.00327        0.358        0.371
   41   6887      89    0.359 0.00326        0.353        0.366
   42   6740      54    0.356 0.00326        0.350        0.363
   43   6655      55    0.354 0.00326        0.347        0.360
   44   6541      92    0.349 0.00325        0.342        0.355
   45   6416      64    0.345 0.00325        0.339        0.352
   46   6277      64    0.342 0.00325        0.335        0.348
   47   6069      76    0.337 0.00324        0.331        0.344
   48   5985      69    0.333 0.00324        0.327        0.340
   49   5916      65    0.330 0.00323        0.323        0.336
   50   5839      44    0.327 0.00323        0.321        0.334
   51   5749      49    0.324 0.00323        0.318        0.331
   52   5669      45    0.322 0.00323        0.316        0.328
   53   5606      97    0.316 0.00322        0.310        0.323
   54   5302      42    0.314 0.00322        0.308        0.320
   55   5260      52    0.311 0.00321        0.304        0.317
   56   5208     273    0.294 0.00319        0.288        0.301
   57   4935      47    0.292 0.00319        0.285        0.298
   58   4888      40    0.289 0.00318        0.283        0.296
   59   4848      39    0.287 0.00318        0.281        0.293
   60   4801      40    0.285 0.00318        0.278        0.291
   61   4745      40    0.282 0.00317        0.276        0.288
   62   4677      34    0.280 0.00317        0.274        0.286
   63   4591      34    0.278 0.00317        0.272        0.284
   64   4527      53    0.275 0.00316        0.269        0.281
   65   4440      46    0.272 0.00315        0.266        0.278
   66   4368      73    0.267 0.00315        0.261        0.274
   67   4279      41    0.265 0.00314        0.259        0.271
   68   4208      34    0.263 0.00314        0.257        0.269
   69   4155      21    0.261 0.00313        0.255        0.268
   70   4080      27    0.260 0.00313        0.254        0.266
   71   4027      43    0.257 0.00313        0.251        0.263
   72   3962      24    0.255 0.00312        0.249        0.261
   73   3920      31    0.253 0.00312        0.247        0.259
   74   3867      49    0.250 0.00311        0.244        0.256
   75   3783      32    0.248 0.00311        0.242        0.254
   76   3729      34    0.246 0.00311        0.240        0.252
   77   3664      38    0.243 0.00310        0.237        0.249
   78   3615      32    0.241 0.00310        0.235        0.247
   79   3563      54    0.237 0.00309        0.231        0.243
   80   3407      39    0.235 0.00308        0.229        0.241
   81   3368      18    0.233 0.00308        0.227        0.239
   82   3350      49    0.230 0.00308        0.224        0.236
   83   3250      27    0.228 0.00307        0.222        0.234
   84   3222      16    0.227 0.00307        0.221        0.233
   85   3175      35    0.224 0.00306        0.218        0.230
   86   3124      60    0.220 0.00306        0.214        0.226
   87   2994      21    0.219 0.00305        0.213        0.225
   88   2973      92    0.212 0.00304        0.206        0.218
   89   2881      12    0.211 0.00304        0.205        0.217
   90   2867      26    0.209 0.00303        0.203        0.215
   91   2789      12    0.208 0.00303        0.202        0.214
   92   2777      16    0.207 0.00303        0.201        0.213
   93   2734      29    0.205 0.00302        0.199        0.211
   94   2686      27    0.203 0.00302        0.197        0.209
   95   2631      41    0.199 0.00301        0.194        0.205
   96   2572      32    0.197 0.00301        0.191        0.203
   97   2514      67    0.192 0.00299        0.186        0.198
   98   2445      13    0.191 0.00299        0.185        0.197
   99   2282      12    0.190 0.00299        0.184        0.196
  100   2270      20    0.188 0.00299        0.182        0.194
  101   2250      16    0.187 0.00298        0.181        0.193
  102   2234      20    0.185 0.00298        0.179        0.191
  103   2214      33    0.182 0.00297        0.177        0.188
  104   2181      17    0.181 0.00297        0.175        0.187
  105   2164      12    0.180 0.00297        0.174        0.186
  106   2152      16    0.179 0.00296        0.173        0.184
  107   2107      16    0.177 0.00296        0.171        0.183
  108   2091      17    0.176 0.00296        0.170        0.182
  109   2054       9    0.175 0.00296        0.169        0.181
  110   2028      21    0.173 0.00295        0.167        0.179
  111   1990      19    0.171 0.00295        0.166        0.177
  112   1955      32    0.169 0.00294        0.163        0.175
  113   1908      17    0.167 0.00294        0.162        0.173
  114   1873       2    0.167 0.00294        0.161        0.173
  115   1861       7    0.166 0.00294        0.161        0.172
  116   1831       7    0.166 0.00293        0.160        0.172
  117   1805       7    0.165 0.00293        0.159        0.171
  118   1766      16    0.164 0.00293        0.158        0.169
  119   1710       6    0.163 0.00293        0.157        0.169
  120   1671       5    0.163 0.00293        0.157        0.168
  121   1633      10    0.162 0.00293        0.156        0.167
  122   1593      23    0.159 0.00293        0.154        0.165
  123   1561       6    0.159 0.00292        0.153        0.164
  124   1538       5    0.158 0.00292        0.152        0.164
  125   1514      10    0.157 0.00292        0.151        0.163
  126   1483       9    0.156 0.00292        0.150        0.162
  127   1469      17    0.154 0.00292        0.149        0.160
  128   1433       9    0.153 0.00292        0.148        0.159
  129   1412       6    0.153 0.00292        0.147        0.158
  130   1386       8    0.152 0.00292        0.146        0.158
  131   1368       6    0.151 0.00292        0.145        0.157
  132   1257       3    0.151 0.00292        0.145        0.157
  133   1253       8    0.150 0.00292        0.144        0.156
  134   1245       4    0.149 0.00292        0.144        0.155
  135   1241       7    0.148 0.00292        0.143        0.154
  136   1234       8    0.148 0.00292        0.142        0.153
  137   1226       4    0.147 0.00292        0.141        0.153
  138   1222       7    0.146 0.00292        0.141        0.152
  139   1215      27    0.143 0.00293        0.137        0.149
  140   1188       8    0.142 0.00293        0.136        0.148
  141   1176      11    0.141 0.00293        0.135        0.146
  142   1160       6    0.140 0.00293        0.134        0.146
  143   1149       8    0.139 0.00293        0.133        0.145
  144   1129       9    0.138 0.00293        0.132        0.144
  145   1103       5    0.137 0.00293        0.132        0.143
  146   1089      13    0.136 0.00293        0.130        0.141
  147   1051      19    0.133 0.00293        0.128        0.139
  148   1029       8    0.132 0.00293        0.126        0.138
  149   1021       5    0.131 0.00293        0.126        0.137
  150    976       6    0.131 0.00293        0.125        0.136
  152    962       9    0.129 0.00293        0.124        0.135
  153    948       6    0.129 0.00293        0.123        0.134
  154    931       5    0.128 0.00293        0.122        0.134
  155    918       6    0.127 0.00293        0.121        0.133
  156    904       2    0.127 0.00293        0.121        0.133
  157    897       3    0.126 0.00293        0.121        0.132
  158    891      22    0.123 0.00293        0.118        0.129
  159    859      23    0.120 0.00293        0.114        0.126
  160    826       6    0.119 0.00293        0.113        0.125
  161    802       1    0.119 0.00293        0.113        0.125
  162    787       2    0.119 0.00293        0.113        0.125
  163    782       3    0.118 0.00293        0.113        0.124
  164    771       2    0.118 0.00293        0.112        0.124
  165    749       1    0.118 0.00294        0.112        0.124
  167    747       9    0.116 0.00294        0.111        0.122
  168    737       7    0.115 0.00294        0.110        0.121
  169    724       7    0.114 0.00294        0.108        0.120
  170    710      34    0.109 0.00295        0.103        0.115
