Call: survfit(formula = Surv(survtime, status) ~ 1, data = data)

 time n.risk n.event survival std.err lower 95% CI upper 95% CI
    0   1239      20    0.984 0.00358        0.977        0.991
    1   1201      17    0.970 0.00487        0.960        0.980
    2   1184      22    0.952 0.00611        0.940        0.964
    3   1154      12    0.942 0.00668        0.929        0.955
    4   1138      11    0.933 0.00716        0.919        0.947
    5   1106       4    0.930 0.00733        0.915        0.944
    6   1087      13    0.918 0.00786        0.903        0.934
    7   1074       7    0.912 0.00813        0.897        0.929
    8   1067      13    0.901 0.00860        0.885        0.918
    9   1054      11    0.892 0.00896        0.875        0.910
   10   1043      14    0.880 0.00940        0.862        0.899
   11   1029       7    0.874 0.00960        0.855        0.893
   12   1022       8    0.867 0.00982        0.848        0.887
   13   1014       7    0.861 0.01001        0.842        0.881
   14   1000       4    0.858 0.01012        0.838        0.878
   15    987       9    0.850 0.01036        0.830        0.870
   16    974       9    0.842 0.01059        0.822        0.863
   17    961      10    0.833 0.01084        0.812        0.855
   18    949       9    0.825 0.01105        0.804        0.847
   19    937       3    0.823 0.01112        0.801        0.845
   20    928       6    0.817 0.01126        0.796        0.840
   21    916       5    0.813 0.01137        0.791        0.836
   22    906       7    0.807 0.01153        0.784        0.830
   23    892       3    0.804 0.01159        0.782        0.827
   24    888       4    0.800 0.01168        0.778        0.824
   25    881       8    0.793 0.01186        0.770        0.817
   26    871       1    0.792 0.01188        0.769        0.816
   27    864       3    0.789 0.01194        0.766        0.813
   28    861       9    0.781 0.01213        0.758        0.805
   29    848       5    0.777 0.01223        0.753        0.801
   30    838       8    0.769 0.01239        0.745        0.794
   31    823       7    0.763 0.01253        0.738        0.788
   32    812      14    0.749 0.01280        0.725        0.775
   33    791       3    0.747 0.01285        0.722        0.772
   34    782       3    0.744 0.01291        0.719        0.769
   35    775       5    0.739 0.01300        0.714        0.765
   36    767       6    0.733 0.01312        0.708        0.759
   37    761       5    0.728 0.01320        0.703        0.755
   38    751       5    0.723 0.01329        0.698        0.750
   39    746       4    0.720 0.01336        0.694        0.746
   40    737       4    0.716 0.01343        0.690        0.742
   41    732       3    0.713 0.01348        0.687        0.740
   42    729       4    0.709 0.01355        0.683        0.736
   43    718       2    0.707 0.01358        0.681        0.734
   44    714       3    0.704 0.01364        0.678        0.731
   45    711       3    0.701 0.01369        0.675        0.728
   46    704       6    0.695 0.01378        0.668        0.722
   47    687       2    0.693 0.01382        0.666        0.721
   48    679       4    0.689 0.01389        0.662        0.717
   49    675       4    0.685 0.01395        0.658        0.713
   50    671       4    0.681 0.01402        0.654        0.709
   51    666       3    0.678 0.01407        0.651        0.706
   52    662       3    0.675 0.01411        0.647        0.703
   53    656       5    0.669 0.01419        0.642        0.698
   54    642       4    0.665 0.01426        0.638        0.694
   55    638       6    0.659 0.01435        0.631        0.688
   56    632       6    0.653 0.01444        0.625        0.682
   57    626       5    0.648 0.01451        0.620        0.677
   58    621       2    0.645 0.01454        0.618        0.675
   59    619       2    0.643 0.01457        0.615        0.673
   60    615       6    0.637 0.01465        0.609        0.666
   61    606       3    0.634 0.01469        0.606        0.663
   62    602       1    0.633 0.01470        0.605        0.662
   63    597       2    0.631 0.01473        0.603        0.660
   64    594       1    0.630 0.01474        0.601        0.659
   65    588       5    0.624 0.01481        0.596        0.654
   66    583       9    0.615 0.01493        0.586        0.645
   67    572       6    0.608 0.01500        0.580        0.638
   68    563       1    0.607 0.01501        0.578        0.637
   69    562       2    0.605 0.01504        0.576        0.635
   70    556       3    0.602 0.01507        0.573        0.632
   71    550       4    0.597 0.01512        0.568        0.628
   72    543       1    0.596 0.01513        0.567        0.627
   73    542       3    0.593 0.01517        0.564        0.623
   74    538       6    0.586 0.01524        0.557        0.617
   75    530       2    0.584 0.01526        0.555        0.615
   76    525       5    0.579 0.01532        0.549        0.609
   77    518       1    0.577 0.01533        0.548        0.608
   78    513       1    0.576 0.01534        0.547        0.607
   79    510       7    0.568 0.01542        0.539        0.599
   80    494       4    0.564 0.01546        0.534        0.595
   81    490       2    0.562 0.01549        0.532        0.593
   82    488       3    0.558 0.01552        0.528        0.589
   83    479       4    0.553 0.01556        0.524        0.585
   84    475       1    0.552 0.01557        0.523        0.584
   85    474       4    0.548 0.01561        0.518        0.579
   86    470       5    0.542 0.01566        0.512        0.573
   87    461       2    0.539 0.01568        0.510        0.571
   88    459       8    0.530 0.01576        0.500        0.562
   90    451       2    0.528 0.01578        0.498        0.559
   92    446       1    0.526 0.01579        0.496        0.558
   93    444       4    0.522 0.01582        0.492        0.554
   94    437       4    0.517 0.01585        0.487        0.549
   95    432       2    0.515 0.01587        0.484        0.547
   96    426       4    0.510 0.01591        0.479        0.542
   97    415       2    0.507 0.01592        0.477        0.539
   98    410       2    0.505 0.01594        0.474        0.537
   99    392       1    0.503 0.01595        0.473        0.536
  100    391       1    0.502 0.01596        0.472        0.534
  101    390       2    0.500 0.01599        0.469        0.532
  102    388       2    0.497 0.01601        0.467        0.529
  103    386       6    0.489 0.01607        0.459        0.522
  104    380       1    0.488 0.01607        0.458        0.521
  105    379       4    0.483 0.01611        0.452        0.516
  106    375       5    0.476 0.01615        0.446        0.509
  107    367       4    0.471 0.01618        0.441        0.504
  108    363       6    0.463 0.01622        0.433        0.496
  109    354       3    0.460 0.01624        0.429        0.493
  111    349       2    0.457 0.01626        0.426        0.490
  112    347       3    0.453 0.01628        0.422        0.486
  113    342       3    0.449 0.01629        0.418        0.482
  115    336       5    0.442 0.01632        0.411        0.475
  117    324       1    0.441 0.01633        0.410        0.474
  118    322       4    0.435 0.01635        0.405        0.469
  119    315       1    0.434 0.01636        0.403        0.467
  121    309       2    0.431 0.01638        0.400        0.465
  122    307       2    0.428 0.01639        0.398        0.462
  123    304       2    0.426 0.01640        0.395        0.459
  125    297       1    0.424 0.01641        0.393        0.458
  126    295       3    0.420 0.01643        0.389        0.453
  127    287       3    0.416 0.01645        0.384        0.449
  128    284       6    0.407 0.01649        0.376        0.440
  129    278       2    0.404 0.01650        0.373        0.437
  130    276       2    0.401 0.01651        0.370        0.435
  131    270       2    0.398 0.01652        0.367        0.432
  132    245       4    0.391 0.01657        0.360        0.425
  134    240       1    0.390 0.01658        0.359        0.424
  136    239       2    0.387 0.01660        0.355        0.420
  137    237       2    0.383 0.01662        0.352        0.417
  138    235       3    0.378 0.01665        0.347        0.412
  139    232       2    0.375 0.01666        0.344        0.409
  140    230       1    0.373 0.01667        0.342        0.408
  141    229       3    0.369 0.01669        0.337        0.403
  142    225       1    0.367 0.01669        0.336        0.401
  143    222       2    0.364 0.01671        0.332        0.398
  144    220       2    0.360 0.01672        0.329        0.395
  146    214       3    0.355 0.01674        0.324        0.390
  147    210       5    0.347 0.01676        0.315        0.381
  148    205       3    0.342 0.01677        0.310        0.376
  149    202       5    0.333 0.01677        0.302        0.368
  150    195       2    0.330 0.01678        0.299        0.364
  151    192       1    0.328 0.01678        0.297        0.363
  152    191       1    0.326 0.01678        0.295        0.361
  153    185       1    0.325 0.01678        0.293        0.359
  154    183       1    0.323 0.01678        0.292        0.358
  155    180       1    0.321 0.01678        0.290        0.356
  156    176       3    0.316 0.01679        0.284        0.350
  158    168       5    0.306 0.01681        0.275        0.341
  159    161       6    0.295 0.01681        0.264        0.330
  160    154       1    0.293 0.01681        0.262        0.328
  164    148       1    0.291 0.01682        0.260        0.326
  167    138       5    0.280 0.01686        0.249        0.315
  168    132       1    0.278 0.01686        0.247        0.313
  169    130       2    0.274 0.01687        0.243        0.309
  170    127       7    0.259 0.01688        0.228        0.294
