nr sellers, total nr sellers, fraction total nr sellers
358 358 0.0146812
337 695 0.0285011
294 989 0.0405577
294 1283 0.0526143
273 1556 0.0638097
262 1818 0.074554
225 2043 0.083781
187 2230 0.0914497
174 2404 0.0985852
172 2576 0.105639
169 2745 0.112569
164 2909 0.119295
163 3072 0.125979
161 3233 0.132582
157 3390 0.13902
149 3539 0.14513
131 3670 0.150502
126 3796 0.155669
118 3914 0.160509
115 4029 0.165225
111 4140 0.169777
110 4250 0.174287
109 4359 0.178757
109 4468 0.183227
108 4576 0.187656
107 4683 0.192044
103 4786 0.196268
102 4888 0.200451
100 4988 0.204552
100 5088 0.208653
99 5187 0.212713
99 5286 0.216773
97 5383 0.22075
96 5479 0.224687
93 5572 0.228501
93 5665 0.232315
92 5757 0.236088
91 5848 0.23982
91 5939 0.243551
90 6029 0.247242
90 6119 0.250933
87 6206 0.254501
87 6293 0.258068
86 6379 0.261595
85 6464 0.265081
84 6548 0.268526
83 6631 0.271929
79 6710 0.275169
79 6789 0.278409
78 6867 0.281608
76 6943 0.284724
75 7018 0.2878
75 7093 0.290876
74 7167 0.29391
74 7241 0.296945
73 7314 0.299938
73 7387 0.302932
72 7459 0.305885
72 7531 0.308837
70 7601 0.311708
69 7670 0.314538
69 7739 0.317367
69 7808 0.320197
68 7876 0.322985
67 7943 0.325733
67 8010 0.328481
66 8076 0.331187
66 8142 0.333894
65 8207 0.336559
65 8272 0.339225
65 8337 0.341891
65 8402 0.344556
64 8466 0.347181
64 8530 0.349805
63 8593 0.352389
63 8656 0.354972
62 8718 0.357515
62 8780 0.360057
62 8842 0.3626
62 8904 0.365143
61 8965 0.367644
60 9025 0.370105
60 9085 0.372565
60 9145 0.375026
58 9203 0.377404
58 9261 0.379783
56 9317 0.382079
56 9373 0.384376
56 9429 0.386672
56 9485 0.388969
56 9541 0.391265
56 9597 0.393562
56 9653 0.395858
55 9708 0.398114
54 9762 0.400328
54 9816 0.402543
53 9869 0.404716
53 9922 0.406889
53 9975 0.409063
52 10027 0.411195
52 10079 0.413328
52 10131 0.41546
52 10183 0.417593
51 10234 0.419684
51 10285 0.421776
51 10336 0.423867
49 10385 0.425877
49 10434 0.427886
49 10483 0.429895
48 10531 0.431864
48 10579 0.433832
48 10627 0.435801
48 10675 0.437769
48 10723 0.439738
48 10771 0.441706
46 10817 0.443592
46 10863 0.445479
46 10909 0.447365
46 10955 0.449252
45 11000 0.451097
44 11044 0.452901
44 11088 0.454706
44 11132 0.45651
44 11176 0.458315
44 11220 0.460119
44 11264 0.461923
43 11307 0.463687
43 11350 0.46545
43 11393 0.467213
42 11435 0.468936
42 11477 0.470658
42 11519 0.472381
42 11561 0.474103
42 11603 0.475825
42 11645 0.477548
41 11686 0.479229
41 11727 0.48091
41 11768 0.482592
41 11809 0.484273
41 11850 0.485954
41 11891 0.487636
41 11932 0.489317
40 11972 0.490958
40 12012 0.492598
40 12052 0.494238
40 12092 0.495879
40 12132 0.497519
40 12172 0.499159
39 12211 0.500759
39 12250 0.502358
39 12289 0.503957
39 12328 0.505557
39 12367 0.507156
39 12406 0.508755
38 12444 0.510314
38 12482 0.511872
38 12520 0.51343
38 12558 0.514989
38 12596 0.516547
38 12634 0.518105
38 12672 0.519664
38 12710 0.521222
38 12748 0.52278
37 12785 0.524298
37 12822 0.525815
37 12859 0.527332
37 12896 0.52885
37 12933 0.530367
37 12970 0.531884
37 13007 0.533402
36 13043 0.534878
36 13079 0.536354
36 13115 0.537831
36 13151 0.539307
36 13187 0.540783
36 13223 0.54226
36 13259 0.543736
36 13295 0.545212
36 13331 0.546689
36 13367 0.548165
35 13402 0.5496
35 13437 0.551035
35 13472 0.552471
35 13507 0.553906
35 13542 0.555341
34 13576 0.556736
34 13610 0.55813
34 13644 0.559524
34 13678 0.560919
33 13711 0.562272
33 13744 0.563625
33 13777 0.564978
33 13810 0.566332
33 13843 0.567685
33 13876 0.569038
33 13909 0.570392
33 13942 0.571745
33 13975 0.573098
33 14008 0.574452
32 14040 0.575764
32 14072 0.577076
32 14104 0.578388
32 14136 0.579701
32 14168 0.581013
31 14199 0.582284
31 14230 0.583555
31 14261 0.584827
31 14292 0.586098
31 14323 0.587369
31 14354 0.588641
31 14385 0.589912
31 14416 0.591183
31 14447 0.592454
30 14477 0.593685
30 14507 0.594915
30 14537 0.596145
30 14567 0.597375
30 14597 0.598606
30 14627 0.599836
30 14657 0.601066
30 14687 0.602296
30 14717 0.603527
30 14747 0.604757
30 14777 0.605987
30 14807 0.607218
30 14837 0.608448
30 14867 0.609678
30 14897 0.610908
29 14926 0.612098
29 14955 0.613287
29 14984 0.614476
29 15013 0.615665
29 15042 0.616855
29 15071 0.618044
29 15100 0.619233
29 15129 0.620422
29 15158 0.621612
29 15187 0.622801
29 15216 0.62399
28 15244 0.625138
28 15272 0.626287
28 15300 0.627435
28 15328 0.628583
28 15356 0.629731
28 15384 0.63088
28 15412 0.632028
27 15439 0.633135
27 15466 0.634242
27 15493 0.63535
27 15520 0.636457
27 15547 0.637564
27 15574 0.638671
27 15601 0.639779
27 15628 0.640886
27 15655 0.641993
27 15682 0.6431
26 15708 0.644166
26 15734 0.645233
26 15760 0.646299
26 15786 0.647365
26 15812 0.648431
26 15838 0.649498
26 15864 0.650564
25 15889 0.651589
25 15914 0.652614
25 15939 0.65364
25 15964 0.654665
25 15989 0.65569
25 16014 0.656715
25 16039 0.65774
25 16064 0.658766
25 16089 0.659791
24 16113 0.660775
24 16137 0.661759
24 16161 0.662743
24 16185 0.663728
24 16209 0.664712
24 16233 0.665696
24 16257 0.66668
24 16281 0.667665
23 16304 0.668608
23 16327 0.669551
23 16350 0.670494
23 16373 0.671437
23 16396 0.672381
23 16419 0.673324
23 16442 0.674267
23 16465 0.67521
23 16488 0.676153
23 16511 0.677097
23 16534 0.67804
23 16557 0.678983
23 16580 0.679926
23 16603 0.680869
23 16626 0.681813
23 16649 0.682756
23 16672 0.683699
23 16695 0.684642
23 16718 0.685585
23 16741 0.686529
22 16763 0.687431
22 16785 0.688333
22 16807 0.689235
22 16829 0.690137
22 16851 0.69104
22 16873 0.691942
22 16895 0.692844
22 16917 0.693746
22 16939 0.694648
22 16961 0.695551
22 16983 0.696453
22 17005 0.697355
22 17027 0.698257
22 17049 0.699159
22 17071 0.700062
21 17092 0.700923
21 17113 0.701784
21 17134 0.702645
21 17155 0.703506
21 17176 0.704367
21 17197 0.705229
21 17218 0.70609
21 17239 0.706951
21 17260 0.707812
21 17281 0.708673
21 17302 0.709535
21 17323 0.710396
21 17344 0.711257
21 17365 0.712118
21 17386 0.712979
21 17407 0.71384
21 17428 0.714702
21 17449 0.715563
21 17470 0.716424
21 17491 0.717285
21 17512 0.718146
20 17532 0.718967
20 17552 0.719787
20 17572 0.720607
20 17592 0.721427
20 17612 0.722247
20 17632 0.723067
20 17652 0.723888
20 17672 0.724708
20 17692 0.725528
20 17712 0.726348
20 17732 0.727168
20 17752 0.727989
20 17772 0.728809
20 17792 0.729629
20 17812 0.730449
20 17832 0.731269
20 17852 0.732089
20 17872 0.73291
20 17892 0.73373
19 17911 0.734509
19 17930 0.735288
19 17949 0.736067
19 17968 0.736846
19 17987 0.737626
19 18006 0.738405
19 18025 0.739184
19 18044 0.739963
19 18063 0.740742
19 18082 0.741521
19 18101 0.742301
19 18120 0.74308
19 18139 0.743859
19 18158 0.744638
19 18177 0.745417
19 18196 0.746196
19 18215 0.746976
19 18234 0.747755
19 18253 0.748534
18 18271 0.749272
18 18289 0.75001
18 18307 0.750748
18 18325 0.751487
18 18343 0.752225
18 18361 0.752963
18 18379 0.753701
18 18397 0.754439
18 18415 0.755177
18 18433 0.755916
18 18451 0.756654
18 18469 0.757392
18 18487 0.75813
18 18505 0.758868
18 18523 0.759606
18 18541 0.760344
18 18559 0.761083
18 18577 0.761821
18 18595 0.762559
18 18613 0.763297
18 18631 0.764035
18 18649 0.764773
18 18667 0.765512
18 18685 0.76625
18 18703 0.766988
18 18721 0.767726
18 18739 0.768464
17 18756 0.769161
17 18773 0.769859
17 18790 0.770556
17 18807 0.771253
17 18824 0.77195
17 18841 0.772647
17 18858 0.773344
17 18875 0.774041
17 18892 0.774739
17 18909 0.775436
17 18926 0.776133
17 18943 0.77683
17 18960 0.777527
17 18977 0.778224
17 18994 0.778921
17 19011 0.779619
17 19028 0.780316
17 19045 0.781013
17 19062 0.78171
17 19079 0.782407
16 19095 0.783063
16 19111 0.783719
16 19127 0.784376
16 19143 0.785032
16 19159 0.785688
16 19175 0.786344
16 19191 0.787
16 19207 0.787656
16 19223 0.788312
16 19239 0.788969
16 19255 0.789625
16 19271 0.790281
16 19287 0.790937
16 19303 0.791593
16 19319 0.792249
16 19335 0.792905
16 19351 0.793562
16 19367 0.794218
16 19383 0.794874
16 19399 0.79553
16 19415 0.796186
16 19431 0.796842
16 19447 0.797498
16 19463 0.798155
16 19479 0.798811
16 19495 0.799467
15 19510 0.800082
15 19525 0.800697
15 19540 0.801312
15 19555 0.801927
15 19570 0.802543
15 19585 0.803158
15 19600 0.803773
15 19615 0.804388
15 19630 0.805003
15 19645 0.805618
15 19660 0.806233
15 19675 0.806848
15 19690 0.807464
15 19705 0.808079
15 19720 0.808694
15 19735 0.809309
15 19750 0.809924
15 19765 0.810539
15 19780 0.811154
15 19795 0.81177
15 19810 0.812385
15 19825 0.813
15 19840 0.813615
15 19855 0.81423
15 19870 0.814845
15 19885 0.81546
15 19900 0.816075
14 19914 0.81665
14 19928 0.817224
14 19942 0.817798
14 19956 0.818372
14 19970 0.818946
14 19984 0.81952
14 19998 0.820094
14 20012 0.820668
14 20026 0.821243
14 20040 0.821817
14 20054 0.822391
14 20068 0.822965
14 20082 0.823539
14 20096 0.824113
14 20110 0.824687
14 20124 0.825261
14 20138 0.825836
14 20152 0.82641
14 20166 0.826984
14 20180 0.827558
14 20194 0.828132
14 20208 0.828706
14 20222 0.82928
14 20236 0.829854
14 20250 0.830429
14 20264 0.831003
14 20278 0.831577
14 20292 0.832151
14 20306 0.832725
14 20320 0.833299
14 20334 0.833873
14 20348 0.834447
13 20361 0.834981
13 20374 0.835514
13 20387 0.836047
13 20400 0.83658
13 20413 0.837113
13 20426 0.837646
13 20439 0.838179
13 20452 0.838712
13 20465 0.839245
13 20478 0.839779
13 20491 0.840312
13 20504 0.840845
13 20517 0.841378
13 20530 0.841911
13 20543 0.842444
13 20556 0.842977
13 20569 0.84351
13 20582 0.844043
13 20595 0.844577
13 20608 0.84511
13 20621 0.845643
13 20634 0.846176
13 20647 0.846709
13 20660 0.847242
12 20672 0.847734
12 20684 0.848226
12 20696 0.848718
12 20708 0.849211
12 20720 0.849703
12 20732 0.850195
12 20744 0.850687
12 20756 0.851179
12 20768 0.851671
12 20780 0.852163
12 20792 0.852655
12 20804 0.853147
12 20816 0.85364
12 20828 0.854132
12 20840 0.854624
12 20852 0.855116
12 20864 0.855608
12 20876 0.8561
12 20888 0.856592
12 20900 0.857084
12 20912 0.857576
12 20924 0.858068
12 20936 0.858561
12 20948 0.859053
12 20960 0.859545
12 20972 0.860037
12 20984 0.860529
11 20995 0.86098
11 21006 0.861431
11 21017 0.861882
11 21028 0.862333
11 21039 0.862784
11 21050 0.863236
11 21061 0.863687
11 21072 0.864138
11 21083 0.864589
11 21094 0.86504
11 21105 0.865491
11 21116 0.865942
11 21127 0.866393
11 21138 0.866844
11 21149 0.867295
11 21160 0.867747
11 21171 0.868198
11 21182 0.868649
11 21193 0.8691
11 21204 0.869551
11 21215 0.870002
11 21226 0.870453
11 21237 0.870904
11 21248 0.871355
11 21259 0.871806
11 21270 0.872258
11 21281 0.872709
11 21292 0.87316
11 21303 0.873611
11 21314 0.874062
11 21325 0.874513
11 21336 0.874964
11 21347 0.875415
11 21358 0.875866
10 21368 0.876276
10 21378 0.876686
10 21388 0.877097
10 21398 0.877507
10 21408 0.877917
10 21418 0.878327
10 21428 0.878737
10 21438 0.879147
10 21448 0.879557
10 21458 0.879967
10 21468 0.880377
10 21478 0.880787
10 21488 0.881197
10 21498 0.881608
10 21508 0.882018
10 21518 0.882428
10 21528 0.882838
10 21538 0.883248
10 21548 0.883658
10 21558 0.884068
10 21568 0.884478
10 21578 0.884888
10 21588 0.885298
10 21598 0.885708
10 21608 0.886119
10 21618 0.886529
10 21628 0.886939
10 21638 0.887349
10 21648 0.887759
10 21658 0.888169
10 21668 0.888579
10 21678 0.888989
10 21688 0.889399
10 21698 0.889809
10 21708 0.890219
10 21718 0.890629
10 21728 0.89104
10 21738 0.89145
10 21748 0.89186
10 21758 0.89227
9 21767 0.892639
9 21776 0.893008
9 21785 0.893377
9 21794 0.893746
9 21803 0.894115
9 21812 0.894484
9 21821 0.894853
9 21830 0.895222
9 21839 0.895592
9 21848 0.895961
9 21857 0.89633
9 21866 0.896699
9 21875 0.897068
9 21884 0.897437
9 21893 0.897806
9 21902 0.898175
9 21911 0.898544
9 21920 0.898913
9 21929 0.899282
9 21938 0.899651
9 21947 0.900021
9 21956 0.90039
9 21965 0.900759
9 21974 0.901128
9 21983 0.901497
9 21992 0.901866
9 22001 0.902235
9 22010 0.902604
9 22019 0.902973
9 22028 0.903342
9 22037 0.903711
9 22046 0.90408
9 22055 0.904449
9 22064 0.904819
9 22073 0.905188
9 22082 0.905557
9 22091 0.905926
9 22100 0.906295
9 22109 0.906664
9 22118 0.907033
9 22127 0.907402
9 22136 0.907771
9 22145 0.90814
9 22154 0.908509
9 22163 0.908878
9 22172 0.909247
9 22181 0.909617
9 22190 0.909986
9 22199 0.910355
9 22208 0.910724
8 22216 0.911052
8 22224 0.91138
8 22232 0.911708
8 22240 0.912036
8 22248 0.912364
8 22256 0.912692
8 22264 0.91302
8 22272 0.913348
8 22280 0.913676
8 22288 0.914005
8 22296 0.914333
8 22304 0.914661
8 22312 0.914989
8 22320 0.915317
8 22328 0.915645
8 22336 0.915973
8 22344 0.916301
8 22352 0.916629
8 22360 0.916957
8 22368 0.917285
8 22376 0.917613
8 22384 0.917941
8 22392 0.918269
8 22400 0.918597
8 22408 0.918926
8 22416 0.919254
8 22424 0.919582
8 22432 0.91991
8 22440 0.920238
8 22448 0.920566
8 22456 0.920894
8 22464 0.921222
8 22472 0.92155
8 22480 0.921878
8 22488 0.922206
8 22496 0.922534
8 22504 0.922862
8 22512 0.92319
8 22520 0.923519
7 22527 0.923806
7 22534 0.924093
7 22541 0.92438
7 22548 0.924667
7 22555 0.924954
7 22562 0.925241
7 22569 0.925528
7 22576 0.925815
7 22583 0.926102
7 22590 0.926389
7 22597 0.926676
7 22604 0.926963
7 22611 0.92725
7 22618 0.927537
7 22625 0.927824
7 22632 0.928112
7 22639 0.928399
7 22646 0.928686
7 22653 0.928973
7 22660 0.92926
7 22667 0.929547
7 22674 0.929834
7 22681 0.930121
7 22688 0.930408
7 22695 0.930695
7 22702 0.930982
7 22709 0.931269
7 22716 0.931556
7 22723 0.931843
7 22730 0.93213
7 22737 0.932417
7 22744 0.932705
7 22751 0.932992
7 22758 0.933279
7 22765 0.933566
7 22772 0.933853
7 22779 0.93414
7 22786 0.934427
7 22793 0.934714
7 22800 0.935001
7 22807 0.935288
7 22814 0.935575
7 22821 0.935862
7 22828 0.936149
7 22835 0.936436
7 22842 0.936723
7 22849 0.93701
7 22856 0.937298
7 22863 0.937585
7 22870 0.937872
7 22877 0.938159
7 22884 0.938446
7 22891 0.938733
7 22898 0.93902
6 22904 0.939266
6 22910 0.939512
6 22916 0.939758
6 22922 0.940004
6 22928 0.94025
6 22934 0.940496
6 22940 0.940742
6 22946 0.940988
6 22952 0.941234
6 22958 0.94148
6 22964 0.941726
6 22970 0.941973
6 22976 0.942219
6 22982 0.942465
6 22988 0.942711
6 22994 0.942957
6 23000 0.943203
6 23006 0.943449
6 23012 0.943695
6 23018 0.943941
6 23024 0.944187
6 23030 0.944433
6 23036 0.944679
6 23042 0.944925
6 23048 0.945171
6 23054 0.945417
6 23060 0.945663
6 23066 0.945909
6 23072 0.946155
6 23078 0.946401
6 23084 0.946648
6 23090 0.946894
6 23096 0.94714
6 23102 0.947386
6 23108 0.947632
6 23114 0.947878
6 23120 0.948124
6 23126 0.94837
6 23132 0.948616
6 23138 0.948862
6 23144 0.949108
6 23150 0.949354
6 23156 0.9496
6 23162 0.949846
6 23168 0.950092
6 23174 0.950338
6 23180 0.950584
6 23186 0.95083
6 23192 0.951076
6 23198 0.951323
6 23204 0.951569
6 23210 0.951815
6 23216 0.952061
6 23222 0.952307
6 23228 0.952553
6 23234 0.952799
6 23240 0.953045
6 23246 0.953291
6 23252 0.953537
6 23258 0.953783
6 23264 0.954029
5 23269 0.954234
5 23274 0.954439
5 23279 0.954644
5 23284 0.954849
5 23289 0.955054
5 23294 0.955259
5 23299 0.955464
5 23304 0.955669
5 23309 0.955875
5 23314 0.95608
5 23319 0.956285
5 23324 0.95649
5 23329 0.956695
5 23334 0.9569
5 23339 0.957105
5 23344 0.95731
5 23349 0.957515
5 23354 0.95772
5 23359 0.957925
5 23364 0.95813
5 23369 0.958335
5 23374 0.95854
5 23379 0.958745
5 23384 0.95895
5 23389 0.959155
5 23394 0.95936
5 23399 0.959565
5 23404 0.95977
5 23409 0.959975
5 23414 0.96018
5 23419 0.960385
5 23424 0.960591
5 23429 0.960796
5 23434 0.961001
5 23439 0.961206
5 23444 0.961411
5 23449 0.961616
5 23454 0.961821
5 23459 0.962026
5 23464 0.962231
5 23469 0.962436
5 23474 0.962641
5 23479 0.962846
5 23484 0.963051
5 23489 0.963256
5 23494 0.963461
5 23499 0.963666
5 23504 0.963871
5 23509 0.964076
5 23514 0.964281
5 23519 0.964486
5 23524 0.964691
5 23529 0.964896
5 23534 0.965101
5 23539 0.965307
5 23544 0.965512
5 23549 0.965717
5 23554 0.965922
5 23559 0.966127
5 23564 0.966332
5 23569 0.966537
5 23574 0.966742
5 23579 0.966947
5 23584 0.967152
5 23589 0.967357
4 23593 0.967521
4 23597 0.967685
4 23601 0.967849
4 23605 0.968013
4 23609 0.968177
4 23613 0.968341
4 23617 0.968505
4 23621 0.968669
4 23625 0.968833
4 23629 0.968997
4 23633 0.969161
4 23637 0.969325
4 23641 0.969489
4 23645 0.969653
4 23649 0.969818
4 23653 0.969982
4 23657 0.970146
4 23661 0.97031
4 23665 0.970474
4 23669 0.970638
4 23673 0.970802
4 23677 0.970966
4 23681 0.97113
4 23685 0.971294
4 23689 0.971458
4 23693 0.971622
4 23697 0.971786
4 23701 0.97195
4 23705 0.972114
4 23709 0.972278
4 23713 0.972442
4 23717 0.972606
4 23721 0.97277
4 23725 0.972934
4 23729 0.973098
4 23733 0.973262
4 23737 0.973426
4 23741 0.97359
4 23745 0.973754
4 23749 0.973918
4 23753 0.974082
4 23757 0.974246
4 23761 0.97441
4 23765 0.974575
4 23769 0.974739
4 23773 0.974903
4 23777 0.975067
4 23781 0.975231
4 23785 0.975395
4 23789 0.975559
4 23793 0.975723
4 23797 0.975887
4 23801 0.976051
4 23805 0.976215
4 23809 0.976379
4 23813 0.976543
4 23817 0.976707
4 23821 0.976871
4 23825 0.977035
4 23829 0.977199
4 23833 0.977363
4 23837 0.977527
4 23841 0.977691
4 23845 0.977855
4 23849 0.978019
4 23853 0.978183
4 23857 0.978347
4 23861 0.978511
4 23865 0.978675
4 23869 0.978839
3 23872 0.978962
3 23875 0.979086
3 23878 0.979209
3 23881 0.979332
3 23884 0.979455
3 23887 0.979578
3 23890 0.979701
3 23893 0.979824
3 23896 0.979947
3 23899 0.98007
3 23902 0.980193
3 23905 0.980316
3 23908 0.980439
3 23911 0.980562
3 23914 0.980685
3 23917 0.980808
3 23920 0.980931
3 23923 0.981054
3 23926 0.981177
3 23929 0.9813
3 23932 0.981423
3 23935 0.981546
3 23938 0.981669
3 23941 0.981792
3 23944 0.981915
3 23947 0.982038
3 23950 0.982161
3 23953 0.982284
3 23956 0.982407
3 23959 0.98253
3 23962 0.982653
3 23965 0.982776
3 23968 0.982899
3 23971 0.983022
3 23974 0.983145
3 23977 0.983268
3 23980 0.983391
3 23983 0.983514
3 23986 0.983637
3 23989 0.983761
3 23992 0.983884
3 23995 0.984007
3 23998 0.98413
3 24001 0.984253
3 24004 0.984376
3 24007 0.984499
3 24010 0.984622
3 24013 0.984745
3 24016 0.984868
3 24019 0.984991
3 24022 0.985114
3 24025 0.985237
3 24028 0.98536
3 24031 0.985483
3 24034 0.985606
3 24037 0.985729
3 24040 0.985852
3 24043 0.985975
3 24046 0.986098
3 24049 0.986221
3 24052 0.986344
3 24055 0.986467
3 24058 0.98659
3 24061 0.986713
3 24064 0.986836
3 24067 0.986959
3 24070 0.987082
3 24073 0.987205
3 24076 0.987328
3 24079 0.987451
3 24082 0.987574
3 24085 0.987697
3 24088 0.98782
3 24091 0.987943
3 24094 0.988066
3 24097 0.988189
3 24100 0.988312
3 24103 0.988436
3 24106 0.988559
3 24109 0.988682
3 24112 0.988805
3 24115 0.988928
3 24118 0.989051
3 24121 0.989174
3 24124 0.989297
2 24126 0.989379
2 24128 0.989461
2 24130 0.989543
2 24132 0.989625
2 24134 0.989707
2 24136 0.989789
2 24138 0.989871
2 24140 0.989953
2 24142 0.990035
2 24144 0.990117
2 24146 0.990199
2 24148 0.990281
2 24150 0.990363
2 24152 0.990445
2 24154 0.990527
2 24156 0.990609
2 24158 0.990691
2 24160 0.990773
2 24162 0.990855
2 24164 0.990937
2 24166 0.991019
2 24168 0.991101
2 24170 0.991183
2 24172 0.991265
2 24174 0.991347
2 24176 0.991429
2 24178 0.991511
2 24180 0.991593
2 24182 0.991675
2 24184 0.991757
2 24186 0.991839
2 24188 0.991921
2 24190 0.992003
2 24192 0.992085
2 24194 0.992167
2 24196 0.992249
2 24198 0.992331
2 24200 0.992413
2 24202 0.992495
2 24204 0.992577
2 24206 0.992659
2 24208 0.992741
2 24210 0.992823
2 24212 0.992905
2 24214 0.992987
2 24216 0.99307
2 24218 0.993152
2 24220 0.993234
2 24222 0.993316
2 24224 0.993398
2 24226 0.99348
2 24228 0.993562
2 24230 0.993644
2 24232 0.993726
2 24234 0.993808
2 24236 0.99389
2 24238 0.993972
2 24240 0.994054
2 24242 0.994136
2 24244 0.994218
2 24246 0.9943
2 24248 0.994382
2 24250 0.994464
2 24252 0.994546
2 24254 0.994628
2 24256 0.99471
2 24258 0.994792
2 24260 0.994874
2 24262 0.994956
2 24264 0.995038
2 24266 0.99512
2 24268 0.995202
2 24270 0.995284
2 24272 0.995366
2 24274 0.995448
2 24276 0.99553
2 24278 0.995612
1 24279 0.995653
1 24280 0.995694
1 24281 0.995735
1 24282 0.995776
1 24283 0.995817
1 24284 0.995858
1 24285 0.995899
1 24286 0.99594
1 24287 0.995981
1 24288 0.996022
1 24289 0.996063
1 24290 0.996104
1 24291 0.996145
1 24292 0.996186
1 24293 0.996227
1 24294 0.996268
1 24295 0.996309
1 24296 0.99635
1 24297 0.996391
1 24298 0.996432
1 24299 0.996473
1 24300 0.996514
1 24301 0.996555
1 24302 0.996596
1 24303 0.996637
1 24304 0.996678
1 24305 0.996719
1 24306 0.99676
1 24307 0.996801
1 24308 0.996842
1 24309 0.996883
1 24310 0.996924
1 24311 0.996965
1 24312 0.997006
1 24313 0.997047
1 24314 0.997088
1 24315 0.997129
1 24316 0.99717
1 24317 0.997211
1 24318 0.997252
1 24319 0.997293
1 24320 0.997334
1 24321 0.997375
1 24322 0.997416
1 24323 0.997457
1 24324 0.997498
1 24325 0.997539
1 24326 0.99758
1 24327 0.997621
1 24328 0.997662
1 24329 0.997704
1 24330 0.997745
1 24331 0.997786
1 24332 0.997827
1 24333 0.997868
1 24334 0.997909
1 24335 0.99795
1 24336 0.997991
1 24337 0.998032
1 24338 0.998073
1 24339 0.998114
1 24340 0.998155
1 24341 0.998196
1 24342 0.998237
1 24343 0.998278
1 24344 0.998319
1 24345 0.99836
1 24346 0.998401
1 24347 0.998442
1 24348 0.998483
1 24349 0.998524
1 24350 0.998565
1 24351 0.998606
1 24352 0.998647
1 24353 0.998688
1 24354 0.998729
1 24355 0.99877
1 24356 0.998811
1 24357 0.998852
1 24358 0.998893
1 24359 0.998934
1 24360 0.998975
1 24361 0.999016
1 24362 0.999057
1 24363 0.999098
1 24364 0.999139
1 24365 0.99918
1 24366 0.999221
1 24367 0.999262
1 24368 0.999303
1 24369 0.999344
1 24370 0.999385
1 24371 0.999426
1 24372 0.999467
1 24373 0.999508
1 24374 0.999549
1 24375 0.99959
1 24376 0.999631
1 24377 0.999672
1 24378 0.999713
1 24379 0.999754
1 24380 0.999795
1 24381 0.999836
1 24382 0.999877
1 24383 0.999918
1 24384 0.999959
1 24385 1
