nr feedback, total nr feedback, cumulative fraction all feedback
4847 4847 0.0262289
3413 8260 0.0446979
3076 11336 0.0613433
2979 14315 0.0774638
2663 16978 0.0918743
2648 19626 0.106204
2600 22226 0.120273
2562 24788 0.134137
2371 27159 0.146967
2259 29418 0.159192
2194 31612 0.171064
2186 33798 0.182894
2100 35898 0.194257
2094 37992 0.205589
1753 39745 0.215075
1737 41482 0.224475
1725 43207 0.233809
1719 44926 0.243111
1580 46506 0.251661
1530 48036 0.259941
1513 49549 0.268128
1483 51032 0.276153
1477 52509 0.284146
1474 53983 0.292122
1474 55457 0.300098
1411 56868 0.307734
1399 58267 0.315304
1359 59626 0.322658
1336 60962 0.329888
1288 62250 0.336858
1277 63527 0.343768
1232 64759 0.350435
1200 65959 0.356929
1197 67156 0.363406
1170 68326 0.369737
1165 69491 0.376042
1159 70650 0.382313
1106 71756 0.388298
1041 72797 0.393932
1038 73835 0.399549
1035 74870 0.405149
1028 75898 0.410712
1004 76902 0.416145
994 77896 0.421524
988 78884 0.426871
987 79871 0.432212
965 80836 0.437434
911 81747 0.442363
875 82622 0.447098
843 83465 0.45166
783 84248 0.455897
766 85014 0.460042
759 85773 0.46415
746 86519 0.468187
744 87263 0.472213
731 87994 0.476168
730 88724 0.480119
729 89453 0.484064
724 90177 0.487981
708 90885 0.491813
702 91587 0.495611
692 92279 0.499356
680 92959 0.503036
680 93639 0.506716
679 94318 0.51039
676 94994 0.514048
646 95640 0.517544
632 96272 0.520964
616 96888 0.524297
599 97487 0.527538
596 98083 0.530764
588 98671 0.533946
586 99257 0.537117
581 99838 0.540261
581 100419 0.543405
579 100998 0.546538
575 101573 0.549649
569 102142 0.552728
568 102710 0.555802
548 103258 0.558768
546 103804 0.561722
545 104349 0.564671
543 104892 0.56761
539 105431 0.570526
532 105963 0.573405
528 106491 0.576262
524 107015 0.579098
520 107535 0.581912
516 108051 0.584704
513 108564 0.58748
512 109076 0.590251
502 109578 0.592967
499 110077 0.595668
493 110570 0.598335
485 111055 0.60096
483 111538 0.603574
482 112020 0.606182
475 112495 0.608752
472 112967 0.611307
471 113438 0.613855
471 113909 0.616404
468 114377 0.618937
460 114837 0.621426
458 115295 0.623904
457 115752 0.626377
457 116209 0.62885
456 116665 0.631318
455 117120 0.63378
445 117565 0.636188
434 117999 0.638537
429 118428 0.640858
428 118856 0.643174
424 119280 0.645469
419 119699 0.647736
412 120111 0.649965
412 120523 0.652195
405 120928 0.654386
404 121332 0.656573
404 121736 0.658759
401 122137 0.660929
398 122535 0.663083
393 122928 0.665209
393 123321 0.667336
384 123705 0.669414
384 124089 0.671492
384 124473 0.67357
383 124856 0.675642
381 125237 0.677704
379 125616 0.679755
377 125993 0.681795
375 126368 0.683824
370 126738 0.685827
369 127107 0.687823
366 127473 0.689804
364 127837 0.691774
361 128198 0.693727
360 128558 0.695675
358 128916 0.697613
357 129273 0.699544
351 129624 0.701444
349 129973 0.703332
349 130322 0.705221
346 130668 0.707093
346 131014 0.708966
345 131359 0.710832
336 131695 0.712651
333 132028 0.714453
330 132358 0.716238
328 132686 0.718013
320 133006 0.719745
320 133326 0.721477
320 133646 0.723208
319 133965 0.724935
314 134279 0.726634
314 134593 0.728333
310 134903 0.73001
307 135210 0.731672
306 135516 0.733328
306 135822 0.734983
304 136126 0.736628
303 136429 0.738268
301 136730 0.739897
299 137029 0.741515
295 137324 0.743111
293 137617 0.744697
285 137902 0.746239
281 138183 0.74776
280 138463 0.749275
278 138741 0.750779
278 139019 0.752284
278 139297 0.753788
277 139574 0.755287
272 139846 0.756759
270 140116 0.75822
269 140385 0.759676
269 140654 0.761131
268 140922 0.762581
265 141187 0.764015
264 141451 0.765444
264 141715 0.766873
257 141972 0.768263
255 142227 0.769643
254 142481 0.771018
248 142729 0.77236
247 142976 0.773696
246 143222 0.775028
244 143466 0.776348
242 143708 0.777658
242 143950 0.778967
241 144191 0.780271
241 144432 0.781575
240 144672 0.782874
239 144911 0.784167
238 145149 0.785455
238 145387 0.786743
237 145624 0.788026
235 145859 0.789297
234 146093 0.790564
234 146327 0.79183
234 146561 0.793096
233 146794 0.794357
229 147023 0.795596
229 147252 0.796835
229 147481 0.798075
218 147699 0.799254
218 147917 0.800434
218 148135 0.801614
217 148352 0.802788
216 148568 0.803957
215 148783 0.80512
215 148998 0.806284
215 149213 0.807447
214 149427 0.808605
213 149640 0.809758
213 149853 0.81091
211 150064 0.812052
211 150275 0.813194
210 150485 0.81433
210 150695 0.815467
209 150904 0.816598
209 151113 0.817729
206 151319 0.818843
204 151523 0.819947
203 151726 0.821046
203 151929 0.822144
201 152130 0.823232
199 152329 0.824309
198 152527 0.82538
197 152724 0.826446
196 152920 0.827507
194 153114 0.828557
192 153306 0.829596
187 153493 0.830608
186 153679 0.831614
185 153864 0.832615
184 154048 0.833611
184 154232 0.834607
184 154416 0.835603
180 154596 0.836577
178 154774 0.83754
178 154952 0.838503
177 155129 0.839461
176 155305 0.840413
173 155478 0.841349
172 155650 0.84228
172 155822 0.843211
172 155994 0.844142
171 156165 0.845067
171 156336 0.845992
169 156505 0.846907
166 156671 0.847805
166 156837 0.848703
166 157003 0.849602
165 157168 0.850495
164 157332 0.851382
164 157496 0.85227
162 157658 0.853146
159 157817 0.854007
159 157976 0.854867
157 158133 0.855717
156 158289 0.856561
156 158445 0.857405
155 158600 0.858244
155 158755 0.859082
154 158909 0.859916
153 159062 0.860744
153 159215 0.861572
153 159368 0.8624
150 159518 0.863211
149 159667 0.864018
149 159816 0.864824
147 159963 0.865619
147 160110 0.866415
147 160257 0.86721
146 160403 0.868
145 160548 0.868785
144 160692 0.869564
141 160833 0.870327
140 160973 0.871085
139 161112 0.871837
136 161248 0.872573
136 161384 0.873309
135 161519 0.874039
135 161654 0.87477
134 161788 0.875495
134 161922 0.87622
134 162056 0.876945
133 162189 0.877665
133 162322 0.878385
133 162455 0.879105
132 162587 0.879819
132 162719 0.880533
132 162851 0.881247
131 162982 0.881956
129 163111 0.882654
129 163240 0.883352
128 163368 0.884045
127 163495 0.884732
126 163621 0.885414
123 163744 0.88608
122 163866 0.88674
121 163987 0.887395
121 164108 0.88805
121 164229 0.888704
120 164349 0.889354
120 164469 0.890003
119 164588 0.890647
119 164707 0.891291
119 164826 0.891935
117 164943 0.892568
117 165060 0.893201
117 165177 0.893834
115 165292 0.894457
115 165407 0.895079
115 165522 0.895701
114 165636 0.896318
113 165749 0.89693
113 165862 0.897541
112 165974 0.898147
111 166085 0.898748
110 166195 0.899343
110 166305 0.899938
110 166415 0.900534
110 166525 0.901129
109 166634 0.901719
109 166743 0.902308
109 166852 0.902898
108 166960 0.903483
107 167067 0.904062
106 167173 0.904635
106 167279 0.905209
103 167382 0.905766
103 167485 0.906324
103 167588 0.906881
99 167687 0.907417
99 167786 0.907953
98 167884 0.908483
98 167982 0.909013
98 168080 0.909543
97 168177 0.910068
95 168272 0.910582
94 168366 0.911091
93 168459 0.911594
93 168552 0.912098
92 168644 0.912596
92 168736 0.913093
91 168827 0.913586
90 168917 0.914073
90 169007 0.91456
89 169096 0.915041
88 169184 0.915518
88 169272 0.915994
88 169360 0.91647
87 169447 0.916941
86 169533 0.917406
86 169619 0.917872
86 169705 0.918337
85 169790 0.918797
83 169873 0.919246
83 169956 0.919695
83 170039 0.920144
83 170122 0.920594
82 170204 0.921037
82 170286 0.921481
82 170368 0.921925
81 170449 0.922363
80 170529 0.922796
80 170609 0.923229
80 170689 0.923662
79 170768 0.924089
78 170846 0.924511
78 170924 0.924933
77 171001 0.92535
77 171078 0.925767
77 171155 0.926183
76 171231 0.926595
76 171307 0.927006
76 171383 0.927417
76 171459 0.927829
76 171535 0.92824
76 171611 0.928651
75 171686 0.929057
74 171760 0.929457
74 171834 0.929858
74 171908 0.930258
74 171982 0.930659
73 172055 0.931054
71 172126 0.931438
71 172197 0.931822
70 172267 0.932201
70 172337 0.93258
70 172407 0.932959
70 172477 0.933337
69 172546 0.933711
68 172614 0.934079
68 172682 0.934447
68 172750 0.934815
68 172818 0.935183
68 172886 0.935551
68 172954 0.935919
67 173021 0.936281
67 173088 0.936644
66 173154 0.937001
66 173220 0.937358
66 173286 0.937715
65 173351 0.938067
65 173416 0.938419
64 173480 0.938765
64 173544 0.939111
64 173608 0.939458
64 173672 0.939804
64 173736 0.94015
64 173800 0.940497
64 173864 0.940843
63 173927 0.941184
63 173990 0.941525
62 174052 0.94186
62 174114 0.942196
62 174176 0.942531
62 174238 0.942867
61 174299 0.943197
61 174360 0.943527
60 174420 0.943852
59 174479 0.944171
59 174538 0.94449
59 174597 0.944809
58 174655 0.945123
58 174713 0.945437
57 174770 0.945746
57 174827 0.946054
57 174884 0.946362
56 174940 0.946666
56 174996 0.946969
56 175052 0.947272
55 175107 0.947569
54 175161 0.947861
54 175215 0.948154
54 175269 0.948446
54 175323 0.948738
53 175376 0.949025
53 175429 0.949312
53 175482 0.949598
53 175535 0.949885
52 175587 0.950167
52 175639 0.950448
52 175691 0.950729
52 175743 0.951011
52 175795 0.951292
51 175846 0.951568
51 175897 0.951844
51 175948 0.95212
51 175999 0.952396
51 176050 0.952672
50 176100 0.952943
50 176150 0.953213
50 176200 0.953484
49 176249 0.953749
48 176297 0.954009
48 176345 0.954268
48 176393 0.954528
46 176439 0.954777
46 176485 0.955026
46 176531 0.955275
46 176577 0.955524
46 176623 0.955773
46 176669 0.956022
45 176714 0.956265
44 176758 0.956503
44 176802 0.956741
44 176846 0.95698
44 176890 0.957218
44 176934 0.957456
44 176978 0.957694
43 177021 0.957927
43 177064 0.958159
43 177107 0.958392
43 177150 0.958625
43 177193 0.958857
43 177236 0.95909
43 177279 0.959323
43 177322 0.959555
43 177365 0.959788
42 177407 0.960015
42 177449 0.960243
42 177491 0.96047
42 177533 0.960697
42 177575 0.960924
41 177616 0.961146
40 177656 0.961363
40 177696 0.961579
40 177736 0.961796
40 177776 0.962012
39 177815 0.962223
39 177854 0.962434
39 177893 0.962645
39 177932 0.962856
39 177971 0.963067
39 178010 0.963278
39 178049 0.963489
39 178088 0.963701
39 178127 0.963912
38 178165 0.964117
38 178203 0.964323
38 178241 0.964528
38 178279 0.964734
38 178317 0.96494
38 178355 0.965145
37 178392 0.965346
37 178429 0.965546
37 178466 0.965746
37 178503 0.965946
37 178540 0.966146
36 178576 0.966341
36 178612 0.966536
36 178648 0.966731
36 178684 0.966926
35 178719 0.967115
35 178754 0.967304
35 178789 0.967494
34 178823 0.967678
34 178857 0.967862
34 178891 0.968046
34 178925 0.96823
34 178959 0.968414
34 178993 0.968598
33 179026 0.968776
33 179059 0.968955
33 179092 0.969134
33 179125 0.969312
33 179158 0.969491
32 179190 0.969664
32 179222 0.969837
32 179254 0.97001
32 179286 0.970183
32 179318 0.970357
31 179349 0.970524
31 179380 0.970692
31 179411 0.97086
31 179442 0.971028
31 179473 0.971195
30 179503 0.971358
30 179533 0.97152
30 179563 0.971682
30 179593 0.971845
30 179623 0.972007
30 179653 0.972169
29 179682 0.972326
29 179711 0.972483
29 179740 0.97264
29 179769 0.972797
29 179798 0.972954
29 179827 0.973111
29 179856 0.973268
29 179885 0.973425
29 179914 0.973582
28 179942 0.973733
28 179970 0.973885
28 179998 0.974036
28 180026 0.974188
27 180053 0.974334
27 180080 0.97448
27 180107 0.974626
27 180134 0.974772
27 180161 0.974918
27 180188 0.975064
26 180214 0.975205
26 180240 0.975346
26 180266 0.975486
26 180292 0.975627
26 180318 0.975768
26 180344 0.975909
26 180370 0.976049
26 180396 0.97619
26 180422 0.976331
25 180447 0.976466
25 180472 0.976601
25 180497 0.976737
25 180522 0.976872
25 180547 0.977007
25 180572 0.977142
24 180596 0.977272
24 180620 0.977402
24 180644 0.977532
24 180668 0.977662
24 180692 0.977792
24 180716 0.977922
24 180740 0.978051
24 180764 0.978181
24 180788 0.978311
24 180812 0.978441
24 180836 0.978571
24 180860 0.978701
24 180884 0.978831
24 180908 0.978961
23 180931 0.979085
23 180954 0.97921
23 180977 0.979334
23 181000 0.979458
23 181023 0.979583
23 181046 0.979707
23 181069 0.979832
23 181092 0.979956
23 181115 0.980081
23 181138 0.980205
23 181161 0.98033
22 181183 0.980449
22 181205 0.980568
22 181227 0.980687
22 181249 0.980806
22 181271 0.980925
22 181293 0.981044
22 181315 0.981163
22 181337 0.981282
22 181359 0.981401
22 181381 0.98152
22 181403 0.981639
22 181425 0.981758
22 181447 0.981877
22 181469 0.981996
22 181491 0.982115
22 181513 0.982234
21 181534 0.982348
21 181555 0.982462
21 181576 0.982575
21 181597 0.982689
21 181618 0.982803
21 181639 0.982916
20 181659 0.983025
20 181679 0.983133
20 181699 0.983241
20 181719 0.983349
20 181739 0.983457
20 181759 0.983566
19 181778 0.983668
19 181797 0.983771
19 181816 0.983874
19 181835 0.983977
19 181854 0.98408
19 181873 0.984183
19 181892 0.984285
19 181911 0.984388
19 181930 0.984491
19 181949 0.984594
19 181968 0.984697
19 181987 0.984799
19 182006 0.984902
19 182025 0.985005
18 182043 0.985102
18 182061 0.9852
18 182079 0.985297
18 182097 0.985395
18 182115 0.985492
18 182133 0.98559
18 182151 0.985687
18 182169 0.985784
18 182187 0.985882
18 182205 0.985979
18 182223 0.986077
18 182241 0.986174
18 182259 0.986271
17 182276 0.986363
17 182293 0.986455
17 182310 0.986547
17 182327 0.986639
17 182344 0.986731
17 182361 0.986823
17 182378 0.986915
17 182395 0.987007
17 182412 0.987099
17 182429 0.987191
17 182446 0.987283
17 182463 0.987375
17 182480 0.987467
16 182496 0.987554
16 182512 0.98764
16 182528 0.987727
16 182544 0.987814
16 182560 0.9879
16 182576 0.987987
16 182592 0.988073
16 182608 0.98816
16 182624 0.988246
16 182640 0.988333
16 182656 0.98842
16 182672 0.988506
16 182688 0.988593
16 182704 0.988679
15 182719 0.988761
15 182734 0.988842
15 182749 0.988923
15 182764 0.989004
15 182779 0.989085
15 182794 0.989166
15 182809 0.989248
15 182824 0.989329
15 182839 0.98941
15 182854 0.989491
15 182869 0.989572
15 182884 0.989653
15 182899 0.989735
15 182914 0.989816
15 182929 0.989897
15 182944 0.989978
15 182959 0.990059
15 182974 0.99014
15 182989 0.990222
14 183003 0.990297
14 183017 0.990373
14 183031 0.990449
14 183045 0.990525
14 183059 0.9906
14 183073 0.990676
14 183087 0.990752
13 183100 0.990822
13 183113 0.990893
13 183126 0.990963
13 183139 0.991033
13 183152 0.991104
13 183165 0.991174
13 183178 0.991244
13 183191 0.991315
13 183204 0.991385
13 183217 0.991455
13 183230 0.991526
13 183243 0.991596
13 183256 0.991666
13 183269 0.991737
13 183282 0.991807
13 183295 0.991878
13 183308 0.991948
13 183321 0.992018
13 183334 0.992089
13 183347 0.992159
13 183360 0.992229
13 183373 0.9923
13 183386 0.99237
13 183399 0.99244
12 183411 0.992505
12 183423 0.99257
12 183435 0.992635
12 183447 0.9927
12 183459 0.992765
12 183471 0.99283
12 183483 0.992895
12 183495 0.99296
12 183507 0.993025
12 183519 0.99309
12 183531 0.993155
12 183543 0.99322
12 183555 0.993284
12 183567 0.993349
12 183579 0.993414
12 183591 0.993479
12 183603 0.993544
11 183614 0.993604
11 183625 0.993663
11 183636 0.993723
11 183647 0.993782
11 183658 0.993842
11 183669 0.993901
11 183680 0.993961
11 183691 0.99402
11 183702 0.99408
11 183713 0.994139
11 183724 0.994199
11 183735 0.994259
10 183745 0.994313
10 183755 0.994367
10 183765 0.994421
10 183775 0.994475
10 183785 0.994529
10 183795 0.994583
10 183805 0.994637
10 183815 0.994691
10 183825 0.994746
9 183834 0.994794
9 183843 0.994843
9 183852 0.994892
9 183861 0.99494
9 183870 0.994989
9 183879 0.995038
9 183888 0.995086
9 183897 0.995135
9 183906 0.995184
9 183915 0.995233
9 183924 0.995281
9 183933 0.99533
9 183942 0.995379
9 183951 0.995427
9 183960 0.995476
9 183969 0.995525
9 183978 0.995573
9 183987 0.995622
8 183995 0.995665
8 184003 0.995709
8 184011 0.995752
8 184019 0.995795
8 184027 0.995839
8 184035 0.995882
8 184043 0.995925
8 184051 0.995969
8 184059 0.996012
8 184067 0.996055
8 184075 0.996098
8 184083 0.996142
8 184091 0.996185
7 184098 0.996223
7 184105 0.996261
7 184112 0.996299
7 184119 0.996337
7 184126 0.996374
7 184133 0.996412
7 184140 0.99645
7 184147 0.996488
7 184154 0.996526
7 184161 0.996564
7 184168 0.996602
7 184175 0.99664
7 184182 0.996677
7 184189 0.996715
7 184196 0.996753
7 184203 0.996791
7 184210 0.996829
7 184217 0.996867
7 184224 0.996905
7 184231 0.996943
7 184238 0.99698
6 184244 0.997013
6 184250 0.997045
6 184256 0.997078
6 184262 0.99711
6 184268 0.997143
6 184274 0.997175
6 184280 0.997208
6 184286 0.99724
6 184292 0.997273
6 184298 0.997305
6 184304 0.997338
6 184310 0.99737
6 184316 0.997403
6 184322 0.997435
6 184328 0.997467
6 184334 0.9975
6 184340 0.997532
6 184346 0.997565
6 184352 0.997597
6 184358 0.99763
5 184363 0.997657
5 184368 0.997684
5 184373 0.997711
5 184378 0.997738
5 184383 0.997765
5 184388 0.997792
5 184393 0.997819
5 184398 0.997846
5 184403 0.997873
5 184408 0.9979
5 184413 0.997927
5 184418 0.997955
5 184423 0.997982
5 184428 0.998009
5 184433 0.998036
5 184438 0.998063
5 184443 0.99809
5 184448 0.998117
5 184453 0.998144
5 184458 0.998171
5 184463 0.998198
5 184468 0.998225
5 184473 0.998252
5 184478 0.998279
4 184482 0.998301
4 184486 0.998322
4 184490 0.998344
4 184494 0.998366
4 184498 0.998387
4 184502 0.998409
4 184506 0.998431
4 184510 0.998452
4 184514 0.998474
4 184518 0.998496
4 184522 0.998517
4 184526 0.998539
4 184530 0.998561
4 184534 0.998582
4 184538 0.998604
4 184542 0.998626
4 184546 0.998647
4 184550 0.998669
4 184554 0.99869
4 184558 0.998712
4 184562 0.998734
4 184566 0.998755
4 184570 0.998777
4 184574 0.998799
4 184578 0.99882
3 184581 0.998837
3 184584 0.998853
3 184587 0.998869
3 184590 0.998885
3 184593 0.998901
3 184596 0.998918
3 184599 0.998934
3 184602 0.99895
3 184605 0.998966
3 184608 0.998983
3 184611 0.998999
3 184614 0.999015
3 184617 0.999031
3 184620 0.999048
3 184623 0.999064
3 184626 0.99908
3 184629 0.999096
3 184632 0.999113
3 184635 0.999129
3 184638 0.999145
3 184641 0.999161
3 184644 0.999177
3 184647 0.999194
3 184650 0.99921
3 184653 0.999226
3 184656 0.999242
3 184659 0.999259
2 184661 0.999269
2 184663 0.99928
2 184665 0.999291
2 184667 0.999302
2 184669 0.999313
2 184671 0.999324
2 184673 0.999334
2 184675 0.999345
2 184677 0.999356
2 184679 0.999367
2 184681 0.999378
2 184683 0.999389
2 184685 0.999399
2 184687 0.99941
2 184689 0.999421
2 184691 0.999432
2 184693 0.999443
2 184695 0.999453
2 184697 0.999464
2 184699 0.999475
2 184701 0.999486
2 184703 0.999497
2 184705 0.999508
2 184707 0.999518
2 184709 0.999529
2 184711 0.99954
2 184713 0.999551
2 184715 0.999562
2 184717 0.999573
2 184719 0.999583
2 184721 0.999594
2 184723 0.999605
2 184725 0.999616
2 184727 0.999627
2 184729 0.999637
2 184731 0.999648
2 184733 0.999659
2 184735 0.99967
2 184737 0.999681
2 184739 0.999692
2 184741 0.999702
2 184743 0.999713
2 184745 0.999724
1 184746 0.999729
1 184747 0.999735
1 184748 0.99974
1 184749 0.999746
1 184750 0.999751
1 184751 0.999756
1 184752 0.999762
1 184753 0.999767
1 184754 0.999773
1 184755 0.999778
1 184756 0.999784
1 184757 0.999789
1 184758 0.999794
1 184759 0.9998
1 184760 0.999805
1 184761 0.999811
1 184762 0.999816
1 184763 0.999821
1 184764 0.999827
1 184765 0.999832
1 184766 0.999838
1 184767 0.999843
1 184768 0.999848
1 184769 0.999854
1 184770 0.999859
1 184771 0.999865
1 184772 0.99987
1 184773 0.999876
1 184774 0.999881
1 184775 0.999886
1 184776 0.999892
1 184777 0.999897
1 184778 0.999903
1 184779 0.999908
1 184780 0.999913
1 184781 0.999919
1 184782 0.999924
1 184783 0.99993
1 184784 0.999935
1 184785 0.99994
1 184786 0.999946
1 184787 0.999951
1 184788 0.999957
1 184789 0.999962
1 184790 0.999968
1 184791 0.999973
1 184792 0.999978
1 184793 0.999984
1 184794 0.999989
1 184795 0.999995
1 184796 1
