74.2233 30
102.8445 14
158.2810 11
137.5042 43
14.8471 1
18.1111 4
172.3319 692
157.1962 548
12.0123 18
38.6141 15
31.0421 4
18.3447 39
45.8487 1
79.0474 16
36.9934 64
74.1915 88
8.9441 384
28.1545 33
33.7232 19
172.2542 176
17.5397 1
75.6899 3
90.2763 358
63.5833 3
39.8513 8
106.1378 13
128.1982 166
6.0202 2
167.9522 29
131.3982 91
3.0483 2
171.8755 38
2.0423 13
167.1232 43
78.9682 39
65.8968 6
0.9313 1
107.9418 8
58.0164 68
35.9038 52
172.0916 31
172.1826 166
126.0938 210
172.2587 405
172.1831 596
83.0036 83
97.9707 516
24.1200 23
33.8108 12
148.6852 15
45.8898 22
129.4172 22
69.3517 241
82.1525 10
158.2657 37
44.4936 8
172.1905 404
106.1337 1
74.8059 7
25.9566 11
38.5953 23
23.1590 17
117.9325 1
51.9611 5
64.6558 269
129.0351 20
146.2044 346
34.3084 25
77.1753 132
18.5535 37
17.8766 40
56.8074 58
86.1072 115
53.8338 120
16.9743 10
33.9856 4
29.8708 27
88.2342 1200
91.7730 11
172.1119 199
131.2847 19
131.2560 51
78.9597 55
32.0498 27
59.0197 19
50.9071 10
172.1653 17
118.0406 117
172.4967 2100
46.0181 43
36.8943 5
27.7615 3
172.2488 730
95.3572 424
125.5873 13
156.0224 19
85.7617 28
50.2830 29
164.2067 581
17.1795 2
131.0396 52
167.0529 162
114.2990 99
164.0269 135
53.2528 235
105.0052 171
169.0340 87
128.3523 1725
48.9225 349
3.0083 12
129.9649 320
37.9261 38
132.0909 26
54.3404 1
108.1087 201
127.9580 270
70.0757 172
51.1428 1474
148.1547 229
36.0302 13
41.0218 59
70.3969 73
1.1268 1
80.2674 911
65.7820 7
82.0000 92
31.8163 4
30.1076 14
45.1920 67
8.2924 43
73.0105 7
145.1830 1399
112.2496 149
5.3194 15
31.0367 54
19.5543 2
43.8938 15
19.7972 1
112.9143 485
78.7795 25
96.9947 30
19.6835 7
60.1205 135
18.0488 3
46.1932 13
46.7625 6
145.4131 1530
103.3671 1004
171.9905 12
29.8496 15
30.0276 18
172.3077 2663
112.9248 234
92.1513 19
31.9409 7
131.9161 177
126.8310 103
14.0359 8
76.8812 569
5.9465 17
45.0884 9
61.8943 98
105.4974 20
59.0114 48
40.8386 36
93.0666 64
131.3163 121
32.3392 88
29.0203 5
5.8798 28
171.8731 1737
106.3513 471
112.1184 2
118.3077 209
115.8738 109
172.1475 1035
71.9462 468
147.1002 746
172.1793 216
52.9574 64
172.1284 237
51.0657 21
18.0334 2
108.1287 19
126.1605 153
29.7728 13
69.8990 22
29.9688 1
84.4877 17
108.0125 77
71.0251 16
79.7845 15
19.2634 8
137.9558 39
26.1833 1
7.7884 1
18.3644 1
108.0139 9
69.9707 239
132.1648 80
30.6491 23
60.0757 63
29.8523 12
102.4711 33
172.0653 22
171.9293 31
172.2540 1483
4.1209 6
81.8506 54
8.1344 15
17.2041 34
160.1520 457
12.8267 4
32.2256 3
118.9404 7
87.2169 19
57.8572 3
131.3755 3
66.9813 15
65.7410 25
16.9859 1
100.8524 166
172.3749 1232
172.1775 254
6.1714 38
16.0287 1
59.7935 5
73.7612 128
21.0187 4
44.8592 12
172.2617 121
35.8531 85
43.2577 52
32.3104 36
22.0470 2
164.2871 320
12.8994 14
157.0965 83
19.8261 2
23.3047 119
172.2204 361
68.1021 123
37.3090 24
107.1727 70
32.0086 13
170.1538 154
55.5552 2
171.9522 66
124.1064 169
116.6735 24
78.0398 21
92.9445 25
170.3804 2600
112.2077 133
38.7397 11
172.2337 336
66.1518 180
151.1059 4
68.8305 88
39.9456 18
20.9576 43
131.0635 17
32.1781 214
106.0571 98
35.2123 18
142.0530 393
14.0129 4
14.6487 22
170.5507 676
172.2671 680
93.1010 81
131.3540 278
25.1104 3
33.2488 24
152.2963 384
44.9530 15
159.2248 62
16.3880 2
130.9325 39
145.3033 328
26.2896 2
76.8880 18
98.0991 44
15.0267 1
60.6185 15
123.9997 133
66.2103 234
128.0127 28
167.0256 383
46.0788 59
14.2888 12
85.1437 370
172.1922 109
159.0566 277
126.7721 21
81.1020 82
24.1573 19
155.1731 115
172.2339 240
19.1853 9
11.7145 24
20.0655 1
172.1851 165
130.7902 419
56.7622 53
116.9326 369
146.1252 281
79.0975 2
14.0003 16
170.1514 139
172.3417 1106
81.0801 210
24.1027 6
172.2477 1041
144.1886 18
130.1195 209
110.2741 134
44.0259 14
131.1760 345
52.0992 31
131.3750 7
21.2002 11
74.3707 82
5.1814 5
110.0817 76
39.8541 12
37.0410 10
172.1502 398
96.0109 7
96.9720 13
160.1698 66
19.3487 22
48.9237 24
20.6422 6
171.8979 98
53.0548 32
51.5132 14
86.0968 766
59.9955 113
172.2101 117
172.1959 48
142.0408 680
32.4730 2259
24.2461 62
97.9599 40
172.1670 1477
172.1953 357
34.8490 68
172.3095 586
62.9797 59
66.0671 136
42.0129 37
33.1459 8
93.8545 33
13.0627 19
115.5408 13
22.0311 17
12.1739 5
107.9408 43
170.3512 1359
97.3010 71
148.9829 2
54.7996 144
70.0583 33
168.2066 455
172.0898 34
88.1712 83
39.0555 8
32.6039 13
97.9668 36
100.1342 153
19.9193 8
148.0065 74
79.1143 6
5.0088 1
2.2476 6
4.2381 5
107.1488 196
33.0665 12
8.0004 2
172.5671 471
119.2630 71
37.1018 1
69.9472 30
22.2063 6
114.9062 187
166.9771 2
172.0216 1
172.3360 1277
106.0364 456
13.7440 44
149.5579 1197
74.0571 1
98.0679 80
21.2707 26
22.2027 6
98.1562 543
30.3318 34
98.0746 140
22.1142 12
4.0436 32
111.9959 93
152.2936 229
172.2579 131
103.2253 27
171.9861 76
64.1073 1
27.9904 6
172.0394 65
159.1176 381
114.9154 306
155.1285 1
128.0356 475
149.8147 97
172.1873 184
59.9455 39
131.4488 581
131.1424 24
53.8115 28
172.3967 679
9.7101 1
172.2045 412
77.1094 1
70.9069 52
118.0305 110
14.0766 178
31.8037 9
35.9338 7
153.0864 70
107.1209 44
105.9502 24
81.6706 44
37.0521 10
96.4068 330
71.2564 351
172.1653 2562
0.9479 6
140.1062 54
22.1192 12
103.1217 42
57.1084 532
14.8207 10
10.9370 2
32.9894 172
21.0359 1
169.0759 57
172.2339 113
39.0020 26
172.1352 783
10.0323 211
7.1057 1
89.8269 39
115.2502 38
15.9040 5
62.9157 7
26.8342 4
27.0016 29
32.1988 76
62.8347 4
172.1740 965
61.9245 9
156.1637 132
41.7574 107
30.4203 22
172.1986 445
25.1167 20
118.0362 13
172.2687 1753
12.7956 1
49.0313 30
85.9655 11
74.9227 52
172.4656 2186
9.7713 4
27.9244 2
126.4195 499
46.3516 74
170.1963 184
131.2524 483
172.2842 280
24.8213 5
172.0206 185
27.9955 39
12.1586 9
67.0316 159
172.2715 512
172.1589 379
122.4672 8
97.9386 25
172.0458 502
28.1149 37
171.9076 11
143.9489 36
12.1381 32
152.2146 76
103.0025 119
66.5090 3
46.0718 5
97.8918 301
85.1745 458
28.9770 37
157.2026 76
170.0068 307
19.4047 16
55.0880 3
33.8241 3
76.3446 171
172.1948 1288
42.1076 26
79.0135 21
18.3239 2
5.0548 2
11.0695 3
3.9888 3
13.9727 13
79.0768 23
120.3955 74
141.3738 3
79.2972 22
93.4478 22
146.9944 7
172.0742 1336
123.2479 147
125.9274 22
149.0516 46
123.2557 129
46.1381 66
154.0250 197
22.7154 2
7.0663 1
1.8683 7
30.0264 1
131.4025 744
82.6030 2979
61.0037 215
51.7703 22
36.5276 63
26.0560 18
67.1021 53
16.0216 16
46.5650 2
32.1854 5
8.1463 3
172.4691 2094
89.9956 121
121.9438 213
95.9764 10
4.0861 2
114.1986 2
5.3236 3
48.0037 79
142.1005 310
85.0585 22
16.6511 5
28.0662 7
27.9217 2
172.0149 428
17.0048 7
46.4569 34
93.2318 472
53.1913 21
170.9976 26
5.1100 3
41.9483 19
126.0711 34
131.2902 69
103.9673 65
118.3811 401
56.1286 285
151.9554 147
172.1501 264
125.8130 64
5.6620 9
76.0287 19
64.1482 50
42.2398 23
139.0052 18
15.7169 2
46.5308 15
146.9077 724
34.9071 3
1.8896 2
94.7896 10
25.3097 164
170.2516 32
51.1775 51
155.8583 39
53.0788 513
146.1367 46
35.2608 11
31.1023 111
47.9472 1
31.9787 17
73.1951 17
80.1503 13
30.9283 15
172.2416 229
53.9725 12
18.0300 1
85.8608 153
16.9452 1
116.3944 528
83.2723 61
172.1781 13
5.2231 1028
53.1381 53
49.1234 76
81.9676 13
19.0280 1
23.9365 129
42.1307 6
3.0509 1
51.9713 1
20.0295 6
82.8037 155
46.2645 46
62.1843 157
163.9590 51
172.3228 987
38.1489 99
29.2262 6
13.8571 12
78.9607 5
161.2221 122
86.9501 24
172.2423 306
82.1111 218
172.0559 242
135.9158 16
172.1693 759
131.1224 43
13.1595 2
108.7828 3
60.0914 57
163.3553 314
151.9256 156
152.3458 64
75.7178 11
35.8309 22
46.5599 30
102.0051 30
140.9483 108
98.0458 141
18.4538 6
131.4478 364
14.8888 43
171.3770 39
74.3731 83
22.0599 3
172.1602 320
6.1138 1
96.2945 493
172.1876 346
115.2600 173
144.9635 61
96.2203 203
98.2705 218
95.0086 23
46.3872 2
100.9201 16
79.0279 95
76.1715 156
131.0654 218
116.1786 215
112.0075 114
15.1794 4
131.3014 133
55.2848 6
172.1598 64
28.1144 2
97.7115 234
172.4981 246
5.0674 3
142.9131 49
172.2675 1719
131.4190 34
150.0869 24
164.2604 1159
159.0225 15
130.0846 375
8.0414 164
172.2133 192
97.4666 29
30.1233 16
156.1229 127
129.6314 12
41.7056 51
84.6462 6
76.4590 51
172.0715 7
51.9037 4
90.3268 145
25.8963 1
59.0523 18
17.0319 18
41.6526 19
23.9584 5
71.2110 48
32.1614 24
160.9066 24
123.0890 293
152.9384 646
88.3040 35
92.6962 16
98.3664 29
67.2013 110
172.0439 5
110.8792 429
55.6486 8
82.2528 194
105.9193 242
30.1393 20
52.8309 41
5.8254 2
0.0478 4
172.1766 599
20.9303 1
52.9877 80
26.0091 9
166.0723 255
163.8600 9
21.9310 11
13.9986 1
76.7709 31
65.1283 579
127.9741 632
45.8865 4
28.9974 50
64.2925 384
52.9099 9
73.6107 103
94.9566 62
136.9755 93
37.9372 106
71.4803 1
97.7532 46
35.2100 13
34.7926 1
79.9199 68
73.0729 60
136.0906 44
93.3411 215
82.2739 132
55.8751 5
0.6639 8
52.8001 26
1.2411 12
26.0997 110
104.8341 9
172.1785 42
79.2381 520
20.2171 22
170.1946 546
87.9580 46
13.1621 6
11.0605 4
122.4334 13
6.1357 16
14.8139 8
133.5166 1165
124.7579 198
153.8731 90
167.0094 77
28.0110 2
161.6764 67
172.0807 268
53.2857 103
4.9896 3
42.1355 14
149.1798 1513
106.8206 70
98.0813 29
69.1803 56
124.9643 265
172.2051 238
118.0877 22
108.2273 2371
158.0938 54
172.0207 9
172.1202 247
59.9190 6
12.0672 13
131.1229 112
31.6737 31
48.1556 92
10.0771 29
120.9589 9
42.2234 12
16.0459 4
138.0955 377
60.1218 32
24.4101 117
33.4404 15
38.6711 13
31.1666 1
20.9392 13
142.8398 731
20.0217 6
74.8024 29
172.2551 1411
159.3667 1580
46.0461 9
97.8315 19
31.1349 19
155.2781 575
22.0170 7
118.9225 77
130.3515 16
64.0071 42
108.7402 20
13.0173 1
99.2025 136
78.9955 46
118.7475 7
120.7902 14
123.1347 434
41.1419 24
46.7080 244
46.2330 68
148.8803 1474
8.9046 2
172.2786 1170
95.9261 38
172.1933 460
74.7599 23
172.4172 994
39.5222 109
172.0640 134
131.7873 203
109.4945 75
65.9825 16
62.3257 146
158.1771 204
66.8793 155
172.2436 539
172.3590 4847
94.7567 5
115.0413 70
32.1921 5
93.8449 94
148.0807 149
56.1376 333
37.1256 40
12.7797 2
171.9128 68
97.3613 2648
8.9529 9
78.9971 314
131.3084 22
158.0888 29
12.9301 295
172.2675 2194
54.9875 13
72.7862 278
96.2162 35
96.1670 57
172.0250 272
172.1730 303
156.3243 568
136.7508 86
172.2367 404
88.2067 708
67.1261 106
20.2797 86
37.0219 40
70.6681 5
25.2017 7
16.1987 5
6.8662 2
59.8495 126
27.6984 4
124.1906 5
112.8073 988
47.1078 35
98.0592 5
30.2728 115
88.2845 616
172.3254 3076
95.8131 26
35.1033 26
169.9592 875
155.0805 524
79.0281 172
47.7457 18
38.8071 5
120.2506 178
167.0475 159
172.1142 68
2.1314 1
67.2170 27
74.1660 10
45.3169 110
54.9781 13
3.8929 2
96.0407 44
158.2842 482
13.1581 4
172.1569 27
28.0863 2
43.2686 12
56.9539 1
172.2663 184
53.0649 56
148.9998 9
66.0143 2
159.1079 217
131.5247 393
44.9420 15
114.3614 843
38.0886 62
15.1384 7
89.9137 264
32.1050 4
15.3582 82
46.5764 42
14.8415 20
127.0389 186
35.0973 18
30.9702 11
60.9439 16
15.9435 17
6.1580 4
5.0949 1
164.2160 150
36.9575 11
33.2241 9
164.1072 248
170.2058 90
172.0262 78
95.7283 24
42.7093 33
38.7347 7
26.9345 2
43.1166 53
138.8472 1
31.2707 13
68.7375 349
147.1658 702
172.1585 211
172.3230 257
148.9109 15
141.2553 299
171.9980 457
65.0287 23
22.0731 3
97.9212 17
158.1219 241
95.3997 15
46.8432 38
70.6007 89
79.2548 238
25.0938 1
49.8319 18
9.3036 7
159.2517 86
78.0182 5
20.7520 2
170.4637 3413
33.1435 2
114.7201 206
3.8707 23
66.1184 15
60.7948 23
106.2324 26
108.1515 588
78.1189 366
18.5838 21
42.3789 17
154.0747 56
86.2666 120
146.4673 1038
53.0601 12
29.1212 4
88.1795 278
54.7829 233
63.5341 119
0.1400 1
14.1955 2
172.0178 24
115.1948 43
5.1813 4
18.1553 27
50.2148 78
172.2448 545
172.2308 360
46.3564 64
86.0283 15
53.1036 45
115.2506 213
33.1741 23
31.9575 3
32.0558 2
166.2044 50
107.7950 42
61.7089 3
68.9982 13
29.0835 17
46.3902 17
10.1028 412
126.1095 269
168.6737 58
103.4658 319
14.0051 3
94.0005 8
172.0185 74
20.2454 4
74.5623 147
82.2157 134
4.0256 3
131.1459 729
110.9315 25
171.0112 304
34.1386 16
34.1406 1
147.1130 4
88.0426 2
14.0000 9
